eval_loss = 0.5966493354124182
eval_acc = 0.8770250368188512
