eval_loss = 0.05911729105555858
eval_precision = 0.7423133235724744
eval_recall = 0.7728658536585366
eval_f1 = 0.7572815533980581
epoch = 50.0
